45 
97 
10 
30 
39 
54 
40 
14 
90 
75 
26 
31 
83 
79 
14 
8 
53 
79 
76 
94 
63 
9 
73 
96 
97 
14 
18 
47 
98 
96 
28 
75 
92 
27 
60 
96 
78 
58 
97 
90 
7 
99 
71 
26 
16 
50 
45 
27 
97 
59 
26 
68 
88 
55 
39 
60 
55 
14 
82 
78 
63 
30 
59 
91 
19 
76 
96 
11 
88 
48 
21 
5 
52 
97 
60 
18 
90 
20 
49 
88 
86 
65 
89 
99 
91 
46 
14 
67 
92 
71 
29 
7 
13 
30 
76 
16 
27 
48 
84 
81 
63 
74 
50 
50 
78 
86 
60 
85 
16 
77 
21 
29 
67 
90 
1 
89 
34 
15 
66 
16 
16 
7 
81 
11 
51 
42 
89 
77 
66 
85 
90 
55 
23 
100 
93 
72 
21 
22 
64 
25 
94 
16 
77 
100 
27 
54 
95 
56 
77 
83 
